[
	{
		"type": "map",
		"data": [
			{
				"name": "Kaş",
				"path": "M0,-650,23,-627,100,-614,125,-589,137,-606,150,-602,174,-667,186,-673,195,-684,174,-702,173,-739,154,-735,129,-749,95,-758,19,-699,22,-684,13,-657z"
			},
			{
				"name": "Kale",
				"path": "M154,-601,251,-631,242,-644,228,-655,223,-670,196,-684,185,-670,173,-663,153,-604z"
			},
			{
				"name": "Finike",
				"path": "M252,-632,262,-638,261,-646,288,-653,284,-663L270,-676,266,-705L260,-715,251,-744,211,-734,174,-735,173,-700,198,-681,221,-673,231,-654z"
			},
			{
				"name": "Kumluca",
				"path": "M288,-653,321,-643L339,-618L364,-652,366,-660,352,-669,340,-678,337,-687,338,-722,331,-735,337,-757L339,-775,331,-779,325,-785L322,-803,322,-825,286,-816,278,-820,273,-804,273,-780L266,-772,255,-753,251,-746,260,-714L267,-703,269,-676,288,-658z"
			},
			{
				"name": "Kemer",
				"path": "M368,-658,367,-669,358,-684,367,-705L376,-720,384,-785L366,-779,358,-776,340,-776,330,-737,337,-726,338,-684,345,-675z"
			},
			{
				"name": "Konyaaltı",
				"path": "M383,-785,389,-817,406,-841,416,-846,420,-862,409,-860,395,-860,390,-854,395,-868,398,-877,388,-883,372,-869,356,-873,346,-854,331,-843L323,-829L323,-819,323,-790,328,-783,341,-774,366,-779z"
			},
			{
				"name": "Elmalı",
				"path": "M125,-859,126,-847,117,-838,110,-824,100,-811,96,-779,99,-761,94,-756,130,-749,155,-735,173,-740,175,-736,209,-734,251,-744L275,-780,271,-806L278,-821,254,-835,252,-851,246,-854,242,-871,235,-871,219,-864,205,-860,171,-860,159,-855,144,-854z"
			},
			{
				"name": "Korkuteli",
				"path": "M124,-860,150,-854,165,-857,169,-860,207,-860,238,-872,242,-870,247,-853,254,-850L255,-835,279,-821,289,-817,322,-825,330,-844,348,-854,355,-874,379,-915,372,-928,351,-937,347,-953,352,-967,337,-968,317,-993,276,-984L182,-944,169,-905,169,-887z"
			},
			{
				"name": "Döşemealtı",
				"path": "M357,-875,372,-869,388,-883,399,-877L410,-874,425,-882,431,-883,425,-901L403,-918,406,-926,413,-933,424,-935,429,-934,436,-938,429,-951,434,-967L351,-965,347,-954L350,-938,372,-927,379,-915z"
			},
			{
				"name": "Aksu",
				"path": "M434,-966,430,-951,436,-938,449,-940,457,-932,449,-931,450,-926,465,-915,465,-906L454,-910L453,-909,452,-901,455,-899,455,-893,459,-888,470,-881,455,-881,445,-874,451,-867,447,-863,449,-858,458,-855,459,-860,464,-857,462,-851,470,-849,474,-839,493,-839,492,-851,485,-852,480,-860,492,-882,492,-914,464,-941,459,-958,459,-972,450,-968z"
			},
			{
				"name": "Kepez",
				"path": "M389,-855,400,-876,410,-874,426,-883,432,-883,425,-904,403,-919,410,-931,415,-934,431,-934,438,-938,449,-940,456,-933,449,-931,448,-926,466,-915,466,-906,453,-912,452,-901,454,-900,455,-891,468,-882,453,-882,446,-874,450,-867,447,-863,438,-858,420,-859,421,-862,395,-860z"
			},
			{
				"name": "Muratpaşa",
				"path": "M416,-845,420,-860,439,-858,447,-863,449,-858,457,-855,460,-860,463,-857,461,-849,469,-848,474,-837,453,-835,443,-835,423,-849z"
			},
			{
				"name": "Serik",
				"path": "M493,-839,517,-837,567,-831,561,-853,565,-867,580,-895,579,-928L567,-937L547,-937,537,-940,536,-954,541,-964,536,-982,532,-1006,532,-1011,508,-1004,495,-1015,493,-1019,479,-1012,471,-1001,468,-987,459,-972,459,-959,464,-942,493,-913,492,-880,480,-860,485,-852,493,-851z"
			},
			{
				"name": "Manavgat",
				"path": "M532,-1011,536,-984,542,-965,536,-953,537,-940,549,-936,568,-937,579,-928,581,-894,566,-868,561,-853,567,-831,609,-821,626,-814,716,-770,729,-784,739,-789,741,-805,738,-816,723,-834,717,-849,697,-852,678,-857,673,-868,658,-873,646,-902,643,-925L626,-947,619,-975L629,-992,624,-1017,612,-1031,610,-1032,587,-1033,573,-1023,556,-1016z"
			},
			{
				"name": "İbadi",
				"path": "M624,-1018,642,-1003,713,-999,712,-987,722,-965,740,-948,734,-939,734,-902,721,-891,697,-852,678,-858,673,-868,659,-873L647,-902,643,-926,627,-948,619,-974,630,-993Z"
			},
			{
				"name": "Akseki",
				"path": "M698,-852,717,-850,723,-835,739,-816,750,-819,817,-869,821,-873,822,-879L816,-887,816,-900L840,-923L758,-989,739,-996,713,-999L712,-989,723,-964,740,-947,735,-938,734,-901,723,-892z"
			},
			{
				"name": "Gündoğmuş",
				"path": "M739,-815,741,-803,738,-788,769,-772,787,-772,800,-778,815,-780,848,-778,859,-772,898,-770,898,-782,904,-799,903,-813,894,-841,884,-883,839,-923,816,-900,817,-887,822,-878,821,-872z"
			},
			{
				"name": "Alanya",
				"path": "M716,-770,757,-748,819,-730,848,-700,881,-651,929,-701,927,-723,944,-741,958,-744,943,-776,943,-793,949,-800,933,-831,909,-835,900,-837,894,-842,905,-812,905,-796,899,-783,898,-769,857,-772,848,-778,812,-779,801,-778,788,-772,770,-771,738,-788,729,-783z"
			},
			{
				"name": "Gazipaşa",
				"path": "M881,-650,917,-609,961,-580,976,-581,986,-601,999,-637,997,-674,1000,-704,1000,-705,975,-720,958,-744,945,-741,927,-723,929,-701z"
			}
		]
	}
]